4970
4971
2397
2396
1064
1061
1060
2391
2390
2306
3638
3639
12438
2303
12439
2302
2388
1056
3630
4961
12432
3631
12433
12430
4964
12431
3634
4965
12436
4966
2309
3635
2308
3636
4967
3637
4968
4981
4982
2320
2315
2310
4972
4974
4975
4976
4977
4978
4979
4991
4992
3662
4993
1000
2331
4983
4984
4985
4986
4987
4988
3658
4989
1011
1010
1008
1007
1006
1005
1004
2335
3663
3664
4995
3665
4996
4998
4999
1009
3681
3682
3683
3684
1016
1015
2346
1014
1013
1012
3675
3676
3679
3695
2362
2359
2358
2357
2355
2354
3687
3689
1044
1043
1042
2373
1041
2372
2370
1039
1038
2368
3696
3697
1055
2385
1053
1051
1050
2381
2379
1047
1046
1045