2281175
2274082
2268999
2288687
2264113
2285930
2265685
2274841
2249007
2279736
2271578
2284917
2279938
2274088
1366856
2272782
2265417
2282175
2235945
2287583
2269978
2284119
2287661
2266942
2288992
2265215
2266583
2286497
2288159
2269179
2266101
2265454
2287424
2274830
2274637
2282848
2265690
2268082
2283739
2273945
2272538
2280824
2279443
1368626
2271201
2279688
2290421
2287614
2283493
2275708
2281597
2263686
2286685
2273257
2271032
2274547
2286283
2266908
2271235
2279558
1661008
2282990
2281781
2287129
2263974
2269919
2281185
2267418
2288771
2289343
2288016
2287203
2273048
2273764
2271500
2274612
2269152
2275629
2282307
2290248
2272155